21101103012
21101106003
21101106007
21101106008
21101106018
21101106027
21101106030
21101106036
21101107026
21101107028
21101107042
21101108011
21101108016
21101108017
21101109025
21101109030
21101109050
21101109054
21101111047
21101111055
21101111056
21101111057
21101113005
21101113006
21101113013
21101113014
21101113046
21101115005
21101117010
21101117018
21101117027
21101117030
21101117033
21101117042
21101117056
21101118001
21101119001
21101123002
21101124020
21101124032
21101124036
21101124038
21101124041
21101124051
21101124052
21101125003
21101125019
21101125021
21101125030
21101125052
21101126020
21101126050
21101127008
21101127010
21101127024
21101127028
21101127036
21101127044
21101127055
21101127056
21101128013
21101128014
21101128016
21101128034
21101128049
21101128053
21101128060
21101129024
21101129035
21101129041
21101129051
21101130002
21101130003
21101130005
21101130010
21101130027
21101131001
21101131019
21101131020
21101131058
21101132005
21101132009
21101132018
21101132019
21101132021
21101132022
21101132023
21101132027
21101132029
21101132030
21101132031
21101132036
21101132037
21101132049
21101132054
21101133009
21101133017
21101133026
21101133031
21101133034
21101133043
21101133048
21101133051
21101133052
21101134005
21101134012
21101134032
21101134038
21101134042
21101134043
21101134046
21101134048
21101134054
21101135009
21101135010
21101135011
21101135025
21101135032
21101135039
21101135045
21101135046
21101135053
21101135059
21101139002
21101139011
21101139014
21101139017
21101139024
21101139025
21101139026
21101139028
21101140006
21101140013
21101140027
21101140034
21101140041
21101140047
21101141001
21101141004
21101141013
21101141037
21101141045
21101141060
21101141063
21101141073
21101141077
21101141079
21101141080
21101141088
21101141090
21101141091
21101141100
21101142004
21101142008
21101142021
21101142024
21101142028
21101142906
21101144001
21101144007
21101144008
21101144021
21101144031
21101144035
21101144046
21101144056
21101144063
21101144065
21101144067
21101144071
21101144072
21101144075
21101144079
21101144083
21101144084
21101144092
21101145008
21101145022
21101145024
21101145042
21101145045
21101146007
21101146015
21101146023
21101146029
21101147006
21101147007
21101147012
21101147016
21101147017
21101147038
21101147048
21101148002
21101148007
21101148022
21101148026
21101148027
21101148030
21101148033
21101148035
21101148036
21101148044
21101148047
21101149005
21101149010
21101149016
21101149019
21101149021
21101149022
21101149025
21101149028
21101149029
21101149034
21101150002
21101150004
21101150005
21101150006
21101150009
21101150011
21101150012
21101150015
21101150016
21101150017
21101150025
21101150028
21101150031
21101150033
21101150034
21101150035
21101150036
21101150044
21101150046
21101150047
21101150056
21101150057
21101150060
21101150068
21101150070
21101150074
21101150075
21101150077
21101150078
21101150079
21101150081
21101150086
21101150087
21101150089
21101150094
21101150097
21101151006
21101151008
21101151011
21101151016
21101151020
21101151025
21101151028
21101151030
21101151033
21101151038
21101151039
21101151042
21101151045
21101152008
21101152022
21101152032
21101152034
21101152037
21101152040
21101152043
21101152046
21101152049
21101152050
21101152053
21101152060
21101152062
21101152064
21101152067
21101152069
21101152070
21101152072
21101152080
21101152094
21101152099
21101153020
21101153024
21101153039
21101153040
21101153048
21101154005
21101154008
21101154010
21101154012
21101154013
21101154020
21101154025
21101154028
21101154031
21101154033
21101154034
21101154035
21101154039
21101154042
21101154043
21101154050
21101154052
21101154057
21101154063
21101154065
21101154067
21101154081
21101155003
21101155004
21101155011
21101155012
21101155014
21101155028
21101155033
21101155034
21101155037
21101155039
21101155044
21101156017
21101156018
21101156032
21101156051
21101157003
21101157008
21101157016
21101157030
21101157032
21101157035
21101157038
21101158015
21101158024
21101158033
21101158037
21101158040
21101158048
21101158053
21101158057
21101158063
21101158065
21101158068
21101158075
21101158083
21101159003
21101159004
21101159020
21101159023
21101159024
21101159027
21101159032
21101159040
21101159045
21101159051
21101165007
21101165017
21101165022
21101165031
21101165040
21102102003
21102102004
21102102005
21102102011
21102102012
21102103002
21102103005
21102106001
21102106004
21102106005
21102106012
21102107011
21102107015
21102107024
21102107029
21102107035
21102107044
21102107048
21102109006
21102109008
21102109010
21102109015
21102109019
21102109023
21102109027
21102109044
21102109054
21102111004
21102111006
21102111008
21102111015
21102111020
21102111029
21102111032
21102111043
21102111047
21102111053
21102111056
21102113001
21102113004
21102113007
21102113011
21102113013
21102113015
21102113016
21102113017
21102113018
21102113021
21102113025
21102113031
21102113037
21102113040
21102113042
21102113044
21102113045
21102113051
21102117011
21102117025
21102117027
21102117028
21102117034
21102117044
21102117045
21102117046
21102119001
21102119005
21102124007
21102124014
21102124016
21102124017
21102124019
21102124022
21102124026
21102124029
21102124031
21102124035
21102124038
21102124040
21102124046
21102125013
21102125034
21102125042
21102125045
21102126002
21102126008
21102126009
21102126023
21102127010
21102127011
21102127012
21102127014
21102127016
21102127017
21102127018
21102127020
21102127026
21102127028
21102127035
21102127037
21102127041
21102127042
21102128003
21102128008
21102128011
21102128012
21102128020
21102128029
21102128030
21102128033
21102129011
21102129020
21102130001
21102130002
21102130004
21102130006
21102131006
21102131013
21102131015
21102131024
21102131025
21102131029
21102131031
21102132001
21102132003
21102132006
21102132014
21102132015
21102133001
21102134001
21102134002
21102135002
21102135009
21102135020
21102135021
21102135024
21102135026
21102135028
21102135029
21102135036
21102140005
21102140013
21102141002
21102141004
21102141006
21102141008
21102141907
21102142002
21102145002
21102146001
21102147002
21102147003
21102147004
21102147005
21102149005
21102150002
21102150005
21102150007
21102151002
21102151003
21102151005
21102151008
21102151011
21102152004
21102154003
21102154004
21102159002
21102159007
21102159011
21102159012
21102159015
21102159016
21102165001
21103106001
21103106019
21103107047
21103107051
21103108025
21103119002
21103119004
21103121001
21103127006
21103127009
21103127010
21103127015
21103127020
21103127024
21103127037
21103127038
21103127042
21103127046
21103130009
21103130011
21103130018
21103130023
21103131001
21103131002
21103131004
21103131012
21103131015
21103131017
21103131024
21103131028
21103131033
21103131045
21103131047
21103131053
21103132012
21103132013
21103132015
21103132016
21103132019
21103132020
21103132033
21103132037
21103132042
21103132045
21103132046
21103132047
21103133008
21103133016
21103133027
21103134005
21103134006
21103134016
21103134017
21103134018
21103134020
21103134023
21103134028
21103134029
21103134034
21103134035
21103134038
21103134039
21103134044
21103135013
21103135028
21103135042
21103141008
21103141012
21103141018
21103141024
21103141027
21103141028
21103141034
21103141040
21103142004
21103144002
21103144010
21103144015
21103144016
21103144018
21103145003
21103146002
21103146012
21103146018
21103146023
21103146024
21103147001
21103147013
21103147019
21103147020
21103147025
21103148001
21103148004
21103148006
21103149005
21103149009
21103149019
21103150001
21103150006
21103150009
21103150015
21103150016
21103150017
21103150023
21103150025
21103151006
21103151007
21103151009
21103151021
21103152004
21103152010
21103152013
21103152015
21103152017
21103152020
21103152025
21103152031
21103153007
21103153021
21103154002
21103154009
21103155011
21103156007
21103157008
21103158001
21103158008
21103158014
21103158018
21103159001
21103159005
21103159009
21103159013
21103159014
21103159023
21103159026
21103159027
21103159028
21103159029
21103159033
21103159034
21103159042
21103159043
21103159054
21103159057
21103159058
21103159061
21103159062
21103159063
21103159067
21103159072
21103159073
21103165003
21103165008
21104102002
21104102006
21104102015
21104103002
21104107002
21104107004
21104107012
21104107036
21104108003
21104108020
21104130001
21104130004
21104130013
21104130014
21104130015
21104130016
21104130020
21104131010
21104131048
21104132015
21104132018
21104133001
21104133004
21104133008
21104133012
21104133015
21104133017
21104133020
21104133024
21104133029
21104133033
21104133926
21104134003
21104134006
21104134013
21104134014
21104134016
21104134019
21104134021
21104134027
21104134030
21104134035
21104134037
21104135007
21104135008
21104135013
21104135015
21104135016
21104135019
21104135024
21104135028
21104135037
21104135038
21104135039
21104135041
21104142004
21104142006
21104142909
21104145005
21104145007
21104146003
21104146014
21104146017
21104146029
21104146031
21104146033
21104146915
21104147001
21104147011
21104147018
21104147020
21104147025
21104148001
21104155012
21104155034
21104155039
21104157001
21104157012
21104165008
21105102011
21105102013
21105102017
21105102020
21105102021
21105102024
21105102028
21105102033
21105102034
21105102037
21105102049
21105102050
21105102051
21105102054
21105102058
21105106008
21105106010
21105106021
21105106033
21105106041
21105106042
21105106043
21105106047
21105106055
21105106057
21105106059
21105109013
21105109037
21105110023
21105110031
21105111005
21105113029
21105113045
21105118001
21105118003
21105118004
21105119001
21105119004
21105119005
21105119008
21105119009
21105121002
21105121004
21105121005
21105123014
21105123018
21105124034
21105124050
21105125043
21105127008
21105127025
21105127027
21105127038
21105127047
21105127051
21105128025
21105128027
21105128030
21105128039
21105128042
21105128056
21105128058
21105130011
21105130012
21105131003
21105134017
21105134020
21105139007
21105139026
21105140008
21105140021
21107107002
21110102003
21110102008
21110102012
21110102019
21110102020
21110109019
21110109020
21110109050
21110109056
21110110016
21110111006
21110111012
21110111025
21110113007
21110113018
21110113021
21110117008
21110124013
21110124025
21110124051
21110125003
21110125040
21110125051
21110126046
21110128010
21110128014
21110128030
21110128039
21110129002
21110129004
21110129006
21110129007
21110129014
22101103003
22101103007
22101103011
22101103014
22101103015
22101103022
22101103024
22101103025
22101106002
22101106008
22101106009
22101106017
22101106025
22101106032
22101106036
22101106037
22101106042
22101106901
22101107001
22101107004
22101107005
22101107006
22101107007
22101107011
22101107013
22101107014
22101107019
22101107023
22101107024
22101107025
22101107029
22101107049
22101107050
22101108007
22101108013
22101108014
22101108020
22101108021
22101108026
22101108027
22101108028
22101108029
22101108030
22101108033
22101108035
22101108042
22101108049
22101108051
22101108910
22101109001
22101109003
22101109005
22101109009
22101109015
22101109017
22101109018
22101109021
22101109030
22101109031
22101109032
22101109034
22101109035
22101109038
22101109042
22101109044
22101109047
22101109051
22101109052
22101109055
22101110003
22101110005
22101110015
22101110018
22101110019
22101110021
22101110027
22101110028
22101110031
22101110039
22101110042
22101110051
22101110052
22101110053
22101110054
22101110056
22101110057
22101110061
22101111004
22101111005
22101111006
22101111007
22101111010
22101111011
22101111012
22101111015
22101111016
22101111018
22101111019
22101111020
22101111021
22101111026
22101111035
22101111039
22101111044
22101111046
22101111047
22101111049
22101111052
22101113006
22101113007
22101113011
22101113015
22101113026
22101113027
22101113028
22101113031
22101113033
22101113045
22101113048
22101115904
22101115907
22101115908
22101115915
22101115922
22101115937
22101115949
22101117006
22101117012
22101117013
22101117014
22101117020
22101117023
22101117027
22101117030
22101117031
22101117035
22101117038
22101117040
22101117041
22101117046
22101117052
22101117054
22101117058
22101117902
22101118901
22101119003
22101121005
22101121006
22101121008
22101121011
22101123001
22101123002
22101123004
22101123006
22101124001
22101124002
22101124007
22101124010
22101124013
22101124014
22101124015
22101124018
22101124022
22101124023
22101124025
22101124029
22101124039
22101124040
22101124051
22101124052
22101124055
22101125001
22101125008
22101125009
22101125013
22101125017
22101125020
22101125026
22101125030
22101125034
22101125036
22101125038
22101125040
22101125048
22101125050
22101125052
22101125053
22101126002
22101126006
22101126007
22101126011
22101126014
22101126016
22101126024
22101126030
22101126033
22101126036
22101126045
22101126047
22101126051
22101127003
22101127005
22101127006
22101127007
22101127010
22101127011
22101127012
22101127013
22101127015
22101127022
22101127025
22101127027
22101127033
22101127035
22101127036
22101127039
22101127040
22101127042
22101127045
22101127046
22101127050
22101127053
22101127056
22101128001
22101128005
22101128006
22101128013
22101128015
22101128016
22101128018
22101128021
22101128022
22101128026
22101128036
22101128037
22101128041
22101128044
22101128047
22101128048
22101128049
22101128053
22101129020
22101129031
22101129034
22101129036
22101129043
22101129045
22101129046
22101129049
22101129050
22101130002
22101130007
22101130008
22101130010
22101130011
22101130016
22101130021
22101130022
22101130025
22101130028
22101130032
22101130033
22101130036
22101130041
22101130046
22101130047
22101130051
22101131004
22101131014
22101131017
22101131019
22101131021
22101131022
22101131025
22101131034
22101131036
22101131038
22101131041
22101131042
22101131044
22101131049
22101131050
22101131055
22101132010
22101132012
22101132015
22101132016
22101132018
22101132021
22101132022
22101132027
22101132028
22101132029
22101132030
22101132035
22101132037
22101132039
22101132041
22101132046
22101132048
22101132049
22101132051
22101132053
22101132057
22101133001
22101133007
22101133008
22101133014
22101133016
22101133019
22101133020
22101133022
22101133024
22101133027
22101133028
22101133029
22101133031
22101133032
22101133034
22101133037
22101133038
22101133040
22101133042
22101133044
22101133046
22101133050
22101133051
22101133052
22101134002
22101134003
22101134005
22101134006
22101134008
22101134010
22101134013
22101134018
22101134021
22101134023
22101134025
22101134027
22101134037
22101134038
22101134039
22101134041
22101134042
22101134044
22101134045
22101134046
22101134047
22101134053
22101135001
22101135002
22101135003
22101135009
22101135010
22101135014
22101135015
22101135021
22101135026
22101135027
22101135029
22101135030
22101135031
22101135032
22101135033
22101135035
22101135036
22101135037
22101135038
22101135039
22101135040
22101135041
22101135043
22101135046
22101135049
22101135052
22101135053
22101135055
22101135056
22101139001
22101139003
22101139903
22101139905
22101139914
22101140001
22101140002
22101140004
22101140006
22101140007
22101140009
22101140011
22101140012
22101140013
22101140014
22101140015
22101140017
22101140018
22101140020
22101140021
22101140022
22101140023
22101141001
22101141004
22101141005
22101141007
22101141008
22101141009
22101141010
22101141015
22101141017
22101141019
22101141020
22101141023
22101141025
22101141026
22101141027
22101141028
22101141029
22101141031
22101141032
22101141035
22101141036
22101141040
22101141041
22101141042
22101141044
22101141047
22101141051
22101141053
22101141056
22101141063
22101141066
22101141067
22101141068
22101141069
22101141071
22101141077
22101141081
22101141082
22101141086
22101141089
22101141090
22101141094
22101141097
22101141098
22101141100
22101141102
22101141103
22101141105
22101141106
22101142006
22101142007
22101142008
22101142012
22101142017
22101142019
22101142022
22101142024
22101142025
22101142031
22101142032
22101142034
22101142036
22101144002
22101144004
22101144021
22101144026
22101144028
22101144030
22101144035
22101144036
22101144043
22101144044
22101144046
22101144051
22101144054
22101144059
22101144069
22101144073
22101144075
22101144079
22101144081
22101144087
22101144088
22101144090
22101144093
22101144098
22101145001
22101145003
22101145006
22101145007
22101145008
22101145009
22101145017
22101145018
22101145021
22101145022
22101145026
22101145028
22101145029
22101145034
22101145035
22101145036
22101145038
22101145039
22101145915
22101146003
22101146006
22101146009
22101146012
22101146020
22101146021
22101146024
22101146026
22101146028
22101146031
22101146032
22101146033
22101146037
22101146040
22101146041
22101146042
22101146043
22101146046
22101146048
22101146049
22101146050
22101146051
22101146053
22101146057
22101147001
22101147004
22101147005
22101147007
22101147013
22101147020
22101147022
22101147026
22101147031
22101147033
22101147036
22101147039
22101147043
22101147044
22101147045
22101147046
22101147052
22101148001
22101148003
22101148004
22101148006
22101148007
22101148009
22101148011
22101148013
22101148014
22101148016
22101148019
22101148024
22101148026
22101148028
22101148030
22101148031
22101148033
22101148034
22101148035
22101148038
22101148040
22101148041
22101148042
22101149002
22101149003
22101149005
22101149006
22101149012
22101149016
22101149017
22101149019
22101149020
22101149021
22101149024
22101149026
22101149027
22101149028
22101149029
22101149036
22101149040
22101149902
22101149904
22101149911
22101150002
22101150003
22101150004
22101150006
22101150007
22101150010
22101150017
22101150020
22101150021
22101150028
22101150029
22101150033
22101150036
22101150038
22101150040
22101150041
22101150043
22101150046
22101150048
22101150051
22101150055
22101150056
22101150060
22101150061
22101150063
22101150064
22101150066
22101150067
22101150069
22101150078
22101150079
22101150082
22101150083
22101150903
22101150920
22101151001
22101151007
22101151011
22101151013
22101151015
22101151016
22101151019
22101151020
22101151022
22101151023
22101151024
22101151026
22101151031
22101151033
22101151034
22101151036
22101151037
22101151038
22101151039
22101151044
22101151045
22101151046
22101151047
22101152004
22101152013
22101152014
22101152015
22101152017
22101152019
22101152021
22101152022
22101152025
22101152031
22101152034
22101152038
22101152039
22101152041
22101152042
22101152043
22101152051
22101152055
22101152056
22101152057
22101152058
22101152061
22101152063
22101152065
22101152066
22101152071
22101152072
22101152074
22101152075
22101152076
22101152078
22101152080
22101152083
22101152086
22101152087
22101152089
22101152092
22101152096
22101152097
22101152098
22101152099
22101152901
22101152906
22101153001
22101153002
22101153007
22101153010
22101153011
22101153013
22101153014
22101153015
22101153016
22101153019
22101153020
22101153022
22101153023
22101153024
22101153025
22101153028
22101153029
22101153030
22101153034
22101153037
22101153039
22101153040
22101153041
22101153042
22101153045
22101153046
22101153053
22101153054
22101154003
22101154005
22101154010
22101154012
22101154014
22101154015
22101154019
22101154022
22101154025
22101154026
22101154030
22101154031
22101154033
22101154034
22101154035
22101154036
22101154037
22101154040
22101154042
22101154043
22101154044
22101154047
22101154051
22101154053
22101154054
22101154063
22101154064
22101154065
22101154068
22101154071
22101154073
22101154075
22101154077
22101154082
22101154085
22101155001
22101155002
22101155004
22101155011
22101155013
22101155015
22101155018
22101155024
22101155027
22101155028
22101155031
22101155034
22101155038
22101155039
22101155046
22101155047
22101155048
22101155050
22101155052
22101156002
22101156003
22101156005
22101156009
22101156015
22101156018
22101156019
22101156026
22101156029
22101156030
22101156045
22101156046
22101156047
22101156050
22101156055
22101156904
22101157007
22101157008
22101157009
22101157010
22101157016
22101157020
22101157021
22101157022
22101157023
22101157027
22101157028
22101157029
22101157030
22101157036
22101157037
22101157040
22101157042
22101157043
22101157044
22101157045
22101157902
22101158001
22101158002
22101158004
22101158005
22101158006
22101158008
22101158009
22101158010
22101158011
22101158012
22101158014
22101158015
22101158017
22101158018
22101158019
22101158020
22101158021
22101158022
22101158023
22101158030
22101158031
22101158035
22101158037
22101158040
22101158046
22101158051
22101158055
22101158057
22101158058
22101158059
22101158060
22101158067
22101158068
22101158070
22101158072
22101158073
22101158076
22101158077
22101158079
22101158083
22101158084
22101158906
22101159001
22101159003
22101159004
22101159005
22101159006
22101159011
22101159012
22101159014
22101159015
22101159016
22101159021
22101159026
22101159027
22101159028
22101159030
22101159031
22101159032
22101159036
22101159037
22101159039
22101159040
22101159041
22101159042
22101159043
22101159044
22101159047
22101165002
22101165010
22101165013
22101165015
22101165016
22101165018
22101165019
22101165022
22101165023
22101165026
22101165027
22101165030
22101165032
22101165033
22101165036
22101165037
22101165038
22102102001
22102102002
22102102003
22102102004
22102102007
22102102009
22102102010
22102102012
22102102904
22102103001
22102103002
22102103003
22102103004
22102106006
22102106008
22102106014
22102106020
22102107008
22102107015
22102107017
22102107018
22102107020
22102107025
22102107028
22102107033
22102107042
22102107902
22102108002
22102108004
22102108009
22102108011
22102108016
22102108019
22102108028
22102108029
22102108031
22102108033
22102108034
22102108035
22102108038
22102108040
22102108041
22102108042
22102108055
22102108058
22102109001
22102109002
22102109004
22102109005
22102109009
22102109016
22102109021
22102109022
22102109024
22102109027
22102109028
22102109029
22102109031
22102109033
22102109035
22102109037
22102109039
22102109040
22102109042
22102109044
22102109045
22102109046
22102109047
22102109050
22102109052
22102109053
22102109056
22102110002
22102110005
22102110007
22102110009
22102110011
22102110014
22102110021
22102110025
22102110028
22102110031
22102110032
22102110033
22102110034
22102110037
22102110039
22102110040
22102110045
22102110046
22102110048
22102110049
22102111010
22102111012
22102111013
22102111026
22102111028
22102111031
22102111032
22102111034
22102111036
22102111041
22102111042
22102111043
22102111044
22102111048
22102111049
22102111906
22102113002
22102113005
22102113007
22102113008
22102113014
22102113016
22102113017
22102113018
22102113021
22102113022
22102113025
22102113027
22102113031
22102113032
22102113033
22102113035
22102113036
22102113040
22102117002
22102117009
22102117012
22102117013
22102117015
22102117018
22102117022
22102117023
22102121001
22102121003
22102123001
22102123002
22102123003
22102123004
22102123005
22102123007
22102123009
22102123013
22102123014
22102123018
22102123019
22102123020
22102124001
22102124005
22102124007
22102124009
22102124011
22102124012
22102124014
22102124017
22102124020
22102124021
22102124024
22102124026
22102124027
22102124030
22102124908
22102125001
22102125002
22102125012
22102125013
22102125017
22102125020
22102125022
22102125023
22102125024
22102125025
22102125026
22102125027
22102125908
22102126011
22102126015
22102126016
22102126024
22102126025
22102126030
22102126036
22102126045
22102126052
22102126053
22102127006
22102127008
22102127011
22102127015
22102127016
22102127021
22102128005
22102128010
22102128011
22102128014
22102128015
22102128022
22102128903
22102128906
22102128922
22102129902
22102130902
22102130905
22102131001
22102131002
22102131003
22102131004
22102131007
22102131008
22102131010
22102131908
22102131912
22102132001
22102132003
22102132005
22102132915
22102132922
22102132923
22102132936
22102133005
22102133920
22102133924
22102133928
22102134002
22102134010
22102134011
22102134012
22102134907
22102135004
22102135007
22102135008
22102135009
22102135017
22102135022
22102135916
22102139001
22102139003
22102140001
22102140003
22102140004
22102140005
22102140006
22102140008
22102140009
22102140011
22102140013
22102140015
22102140016
22102141002
22102141005
22102141010
22102141909
22102141911
22102141913
22102141921
22102144003
22102144008
22102145002
22102145908
22102145911
22102145912
22102146005
22102146007
22102146008
22102146014
22102146018
22102146904
22102146906
22102146907
22102147001
22102148908
22102149002
22102149007
22102149911
22102149912
22102150001
22102150901
22102150914
22102150916
22102150918
22102151001
22102151003
22102151004
22102151006
22102151007
22102151008
22102151012
22102151013
22102151918
22102152001
22102152935
22102153001
22102153002
22102153003
22102153907
22102154002
22102154902
22102155923
22102155925
22102156003
22102156004
22102156927
22102156928
22102158004
22102158005
22102159003
22102159005
22102159006
22102159007
22102159010
22102159011
22102159012
22102159014
22102159907
22102159909
22102159920
22102159923
22102165001
22102165002
22103106005
22103106006
22103106007
22103106008
22103106017
22103106019
22103106020
22103106901
22103107001
22103107002
22103107004
22103107006
22103107015
22103107018
22103107022
22103107039
22103107041
22103107044
22103107046
22103107049
22103107054
22103107055
22103107904
22103107906
22103107907
22103108002
22103108015
22103108017
22103108019
22103108033
22103108034
22103108035
22103108043
22103108048
22103121004
22103127003
22103127012
22103127015
22103127020
22103127029
22103127036
22103127037
22103127039
22103127040
22103127041
22103127904
22103127908
22103127910
22103127911
22103130003
22103130019
22103130020
22103130023
22103131013
22103131014
22103131017
22103131018
22103131019
22103131020
22103131032
22103131033
22103131042
22103131907
22103132023
22103132029
22103132030
22103132032
22103133003
22103133004
22103133007
22103133012
22103133025
22103133927
22103134002
22103134003
22103134004
22103134005
22103134011
22103134012
22103134017
22103134019
22103134021
22103134022
22103134027
22103134028
22103134029
22103134030
22103134032
22103134033
22103134908
22103135010
22103135011
22103135014
22103135022
22103135024
22103135026
22103135034
22103135035
22103135040
22103135907
22103135908
22103141004
22103141006
22103141011
22103141013
22103141014
22103141015
22103141017
22103141018
22103141019
22103141026
22103141027
22103142917
22103144001
22103144002
22103144003
22103144004
22103144005
22103144008
22103144014
22103144017
22103144927
22103145004
22103145006
22103145010
22103145905
22103145911
22103145922
22103145936
22103146005
22103146008
22103146009
22103146011
22103146014
22103146015
22103146017
22103146020
22103146910
22103147001
22103147005
22103147007
22103147011
22103147015
22103147019
22103147022
22103147024
22103147028
22103148001
22103148004
22103148007
22103148008
22103148910
22103148914
22103148915
22103149002
22103149007
22103149014
22103149902
22103149939
22103149963
22103150005
22103150007
22103150011
22103150012
22103150016
22103150017
22103150018
22103150027
22103151010
22103151012
22103151901
22103151908
22103151911
22103152002
22103152003
22103152004
22103152006
22103152022
22103152023
22103152024
22103152027
22103152029
22103152032
22103152035
22103152907
22103153001
22103153005
22103153013
22103153014
22103153016
22103153018
22103153021
22103153030
22103153032
22103153033
22103153035
22103153908
22103153931
22103153934
22103153961
22103154002
22103154003
22103154004
22103154010
22103154016
22103154909
22103155003
22103155006
22103155007
22103155011
22103155013
22103155020
22103155022
22103155031
22103155927
22103156010
22103156015
22103156018
22103156022
22103156023
22103157001
22103157002
22103157004
22103157006
22103157009
22103157011
22103157910
22103157914
22103157923
22103158002
22103158003
22103158004
22103158007
22103158012
22103158016
22103158017
22103158921
22103158927
22103159002
22103159003
22103159012
22103159015
22103159017
22103159021
22103159022
22103159026
22103159029
22103159031
22103159032
22103159034
22103159035
22103159038
22103159039
22103159041
22103159042
22103159049
22103159061
22103165002
22103165006
22103165907
22103165913
22103165928
22104102007
22104102015
22104103001
22104103002
22104103003
22104103903
22104107002
22104107004
22104107005
22104107006
22104107007
22104107009
22104107016
22104107023
22104107026
22104107031
22104107034
22104108013
22104108019
22104108028
22104108035
22104108037
22104108044
22104108046
22104108050
22104130001
22104130008
22104130010
22104130011
22104130013
22104130014
22104130016
22104130018
22104130021
22104130026
22104130027
22104130029
22104130036
22104130901
22104130904
22104131009
22104131011
22104131014
22104131029
22104131035
22104131036
22104131052
22104132004
22104132009
22104132014
22104132017
22104132019
22104132020
22104132023
22104132026
22104132043
22104133003
22104133012
22104133020
22104133024
22104133921
22104134009
22104134019
22104134023
22104134026
22104134034
22104134040
22104134042
22104135003
22104135012
22104135021
22104135026
22104135029
22104135031
22104135032
22104135901
22104142003
22104142005
22104142009
22104142912
22104142916
22104142919
22104145004
22104145007
22104145010
22104145011
22104145909
22104145923
22104145929
22104145937
22104146003
22104146004
22104146006
22104146011
22104146018
22104146024
22104146030
22104146912
22104147010
22104147017
22104147028
22104147922
22104148001
22104148002
22104148004
22104148006
22104148007
22104148009
22104148010
22104148014
22104148907
22104155003
22104155005
22104155007
22104155022
22104155024
22104155028
22104155029
22104155030
22104155031
22104155040
22104157005
22104157008
22104157009
22104157012
22104157013
22104157014
22104157015
22104157019
22104165001
22104165002
22104165003
22104165004
22104165005
22104165903
22105102001
22105102004
22105102005
22105102006
22105102008
22105102009
22105102011
22105102012
22105102016
22105102018
22105102023
22105102024
22105102025
22105102027
22105102034
22105102036
22105102038
22105102040
22105102048
22105102053
22105102902
22105102906
22105103008
22105103009
22105103054
22105106005
22105106006
22105106007
22105106010
22105106012
22105106013
22105106020
22105106022
22105106026
22105106027
22105106032
22105106035
22105106039
22105106055
22105106903
22105108024
22105108025
22105108032
22105108035
22105108036
22105108037
22105108045
22105109016
22105109018
22105109025
22105109027
22105109056
22105110004
22105110005
22105110007
22105110022
22105110038
22105110044
22105110049
22105111009
22105111010
22105111021
22105111035
22105111049
22105111054
22105111902
22105111906
22105113903
22105117003
22105117015
22105117024
22105117048
22105117050
22105117055
22105117056
22105118001
22105118002
22105119004
22105119008
22105119013
22105119015
22105121002
22105121004
22105121008
22105121009
22105121010
22105121011
22105121014
22105123002
22105123003
22105123006
22105123007
22105123009
22105123013
22105123014
22105123017
22105123019
22105123020
22105123022
22105123026
22105123028
22105123032
22105123038
22105123041
22105124008
22105124018
22105124044
22105124047
22105124050
22105124053
22105125003
22105125009
22105125017
22105125037
22105125039
22105127014
22105127017
22105127023
22105127026
22105127029
22105127036
22105127037
22105127045
22105127049
22105127051
22105127053
22105127902
22105128007
22105128009
22105128015
22105128021
22105128023
22105128052
22105128058
22105128061
22105129005
22105129030
22105129031
22105129032
22105129056
22105130001
22105130014
22105130021
22105130022
22105131003
22105134002
22105134007
22105134008
22105134010
22105134019
22105134022
22105136005
22105136009
22105136010
22105136011
22105136017
22105139002
22105139009
22105139011
22105139018
22105139019
22105139022
22105139026
22105139027
22105139029
22105139030
22105139033
22105140013
22105140016
22105140022
22105140023
22105140036
22105140041
22105140042
22105140045
22105140046
22105140052
22105140053
22105140054
22106107026
22106107031
22110102005
22110102902
22110103002
22110103005
22110109002
22110109003
22110109006
22110109007
22110109009
22110109014
22110109017
22110109019
22110109022
22110109028
22110109033
22110109035
22110109038
22110109048
22110109049
22110109050
22110109052
22110110036
22110110042
22110110046
22110110055
22110111001
22110111005
22110111028
22110111035
22110111038
22110111041
22110111052
22110111054
22110113006
22110113007
22110113008
22110113015
22110113019
22110113022
22110113025
22110113029
22110113033
22110113036
22110113046
22110113048
22110113915
22110117012
22110117015
22110117023
22110117024
22110117036
22110117059
22110124003
22110124007
22110124020
22110124021
22110124022
22110124026
22110124030
22110124032
22110124033
22110124043
22110124045
22110124047
22110124053
22110124054
22110124055
22110125003
22110125014
22110125031
22110125034
22110125038
22110125043
22110126013
22110126034
22110126047
22110126050
22110126053
22110126057
22110128005
22110128026
22110128027
22110128029
22110128033
22110128040
22110128041
22110128042
22110129025
22110129033
22110139002
22110140004
22110140005
22112111002
22112126001
22112126008
22112126015
22114125005
22114125006
22114125008
22114125018
22114125020
22114125033
22114125037
22116109046
22118128002
22119113003
22119113006
22119113007
22119113010
22119113014
22119113020
22119113021
22119113028
22119113029
22119127001
22119127003
22119127006
22119127008
22119127010
22119127013
22119127016
22119127017
22119127018
22119127019
22119128001
22119128005
22119128010
22119128012
22119128016
22119128019
22119128024
22151131002
22151131007
22151131017
22151131031
22151144016
22151144019
22151144026
22151144032
22151144036
22151144045
22151144048
22151144054
22151144056
22151158001
22151158007
22151158011
22151158015
22151158019
22151158020
22151158034
22151158037
22151158040
22151158047
22151158057
22151158059
22152146008
22152146016
22152146021
22152146027
22152146041
22152146045
22152146050
22152159022
22152159024
22152159032
22152159043
22152159049
22152159059
22153132013
22153132019
22153132058
22153140002
22153145013
22153145014
22153145025
22153145026
22153145028
22153145030
22153145033
22153145041
22153145045
22153145046
22153145048
22153145054
22153153014
22153153025
22153153030
22153153036
22153153037
22153153040
22153153042
22153153045
22153153046
22153153053
22154149005
22154149022
22154149025
22154149027
22154149029
22154149039
22154149044
22155126022
22155126024
22155126025
22155134012
22155134018
22155135003
22155135016
22155135027
22155135038
22155135040
22155135043
22155135046
22155135049
22155135051
22155135054
22155135056
22155135058
22155151001
22155151002
22155151017
22155151026
22155151030
22155154026
22155154034
22155154038
22156148002
22156148008
22156148019
22156148030
22156148031
22156148032
22156148035
22156148038
22156148046
22156148052
22157127008
22157127029
22157133006
22157133007
22157133009
22157133010
22157133019
22157133031
22157133035
22157133038
22157133042
22157133047
22157133058
22157140011
22157147001
22157147008
22157147019
22157147035
22157147045
22157147047
22157147058
